{
 "cells": [
  {
   "cell_type": "code",
   "execution_count": 14,
   "metadata": {},
   "outputs": [],
   "source": [
    "from sklearn.linear_model import LogisticRegression\n",
    "from sklearn.linear_model import LinearRegression\n",
    "\n",
    "import pandas as pd\n",
    "import numpy as np"
   ]
  },
  {
   "cell_type": "code",
   "execution_count": 17,
   "metadata": {},
   "outputs": [],
   "source": [
    "from sklearn.model_selection import train_test_split\n",
    "from sklearn.ensemble import RandomForestClassifier"
   ]
  },
  {
   "cell_type": "code",
   "execution_count": 20,
   "metadata": {},
   "outputs": [],
   "source": [
    "fluai = pd.read_excel('agz.xlsx')\n",
    "fluai = fluai.drop(['Kişi'],axis=1)"
   ]
  },
  {
   "cell_type": "code",
   "execution_count": 42,
   "metadata": {},
   "outputs": [
    {
     "data": {
      "text/html": [
       "<div>\n",
       "<style scoped>\n",
       "    .dataframe tbody tr th:only-of-type {\n",
       "        vertical-align: middle;\n",
       "    }\n",
       "\n",
       "    .dataframe tbody tr th {\n",
       "        vertical-align: top;\n",
       "    }\n",
       "\n",
       "    .dataframe thead th {\n",
       "        text-align: right;\n",
       "    }\n",
       "</style>\n",
       "<table border=\"1\" class=\"dataframe\">\n",
       "  <thead>\n",
       "    <tr style=\"text-align: right;\">\n",
       "      <th></th>\n",
       "      <th>Waterintake</th>\n",
       "      <th>Sugarydrink</th>\n",
       "      <th>sugar usage</th>\n",
       "      <th>proper diet</th>\n",
       "      <th>healtydiet</th>\n",
       "      <th>coffee</th>\n",
       "      <th>tea</th>\n",
       "      <th>cigarette</th>\n",
       "      <th>alcohol</th>\n",
       "      <th>toothbrushing</th>\n",
       "      <th>floss</th>\n",
       "      <th>Health_point</th>\n",
       "    </tr>\n",
       "  </thead>\n",
       "  <tbody>\n",
       "    <tr>\n",
       "      <th>0</th>\n",
       "      <td>4.0</td>\n",
       "      <td>0.0</td>\n",
       "      <td>0.0</td>\n",
       "      <td>2</td>\n",
       "      <td>3</td>\n",
       "      <td>20</td>\n",
       "      <td>0.0</td>\n",
       "      <td>10</td>\n",
       "      <td>0.5</td>\n",
       "      <td>1</td>\n",
       "      <td>0</td>\n",
       "      <td>30</td>\n",
       "    </tr>\n",
       "    <tr>\n",
       "      <th>1</th>\n",
       "      <td>2.0</td>\n",
       "      <td>0.0</td>\n",
       "      <td>0.0</td>\n",
       "      <td>3</td>\n",
       "      <td>4</td>\n",
       "      <td>3</td>\n",
       "      <td>2.0</td>\n",
       "      <td>0</td>\n",
       "      <td>5.0</td>\n",
       "      <td>2</td>\n",
       "      <td>2</td>\n",
       "      <td>65</td>\n",
       "    </tr>\n",
       "    <tr>\n",
       "      <th>2</th>\n",
       "      <td>2.0</td>\n",
       "      <td>1.0</td>\n",
       "      <td>1.0</td>\n",
       "      <td>2</td>\n",
       "      <td>1</td>\n",
       "      <td>4</td>\n",
       "      <td>10.0</td>\n",
       "      <td>20</td>\n",
       "      <td>1.0</td>\n",
       "      <td>1</td>\n",
       "      <td>0</td>\n",
       "      <td>27</td>\n",
       "    </tr>\n",
       "    <tr>\n",
       "      <th>3</th>\n",
       "      <td>3.0</td>\n",
       "      <td>4.0</td>\n",
       "      <td>2.0</td>\n",
       "      <td>1</td>\n",
       "      <td>1</td>\n",
       "      <td>1</td>\n",
       "      <td>1.0</td>\n",
       "      <td>0</td>\n",
       "      <td>0.0</td>\n",
       "      <td>0</td>\n",
       "      <td>0</td>\n",
       "      <td>25</td>\n",
       "    </tr>\n",
       "    <tr>\n",
       "      <th>4</th>\n",
       "      <td>3.5</td>\n",
       "      <td>1.0</td>\n",
       "      <td>0.0</td>\n",
       "      <td>2</td>\n",
       "      <td>2</td>\n",
       "      <td>3</td>\n",
       "      <td>8.0</td>\n",
       "      <td>30</td>\n",
       "      <td>0.0</td>\n",
       "      <td>0</td>\n",
       "      <td>1</td>\n",
       "      <td>20</td>\n",
       "    </tr>\n",
       "    <tr>\n",
       "      <th>...</th>\n",
       "      <td>...</td>\n",
       "      <td>...</td>\n",
       "      <td>...</td>\n",
       "      <td>...</td>\n",
       "      <td>...</td>\n",
       "      <td>...</td>\n",
       "      <td>...</td>\n",
       "      <td>...</td>\n",
       "      <td>...</td>\n",
       "      <td>...</td>\n",
       "      <td>...</td>\n",
       "      <td>...</td>\n",
       "    </tr>\n",
       "    <tr>\n",
       "      <th>390</th>\n",
       "      <td>3.0</td>\n",
       "      <td>1.0</td>\n",
       "      <td>1.0</td>\n",
       "      <td>1</td>\n",
       "      <td>2</td>\n",
       "      <td>2</td>\n",
       "      <td>2.0</td>\n",
       "      <td>1</td>\n",
       "      <td>5.0</td>\n",
       "      <td>1</td>\n",
       "      <td>5</td>\n",
       "      <td>77</td>\n",
       "    </tr>\n",
       "    <tr>\n",
       "      <th>391</th>\n",
       "      <td>2.0</td>\n",
       "      <td>4.0</td>\n",
       "      <td>4.0</td>\n",
       "      <td>1</td>\n",
       "      <td>3</td>\n",
       "      <td>5</td>\n",
       "      <td>4.0</td>\n",
       "      <td>7</td>\n",
       "      <td>5.0</td>\n",
       "      <td>3</td>\n",
       "      <td>6</td>\n",
       "      <td>75</td>\n",
       "    </tr>\n",
       "    <tr>\n",
       "      <th>392</th>\n",
       "      <td>3.0</td>\n",
       "      <td>1.0</td>\n",
       "      <td>1.0</td>\n",
       "      <td>3</td>\n",
       "      <td>3</td>\n",
       "      <td>3</td>\n",
       "      <td>3.0</td>\n",
       "      <td>5</td>\n",
       "      <td>3.0</td>\n",
       "      <td>2</td>\n",
       "      <td>6</td>\n",
       "      <td>77</td>\n",
       "    </tr>\n",
       "    <tr>\n",
       "      <th>393</th>\n",
       "      <td>3.0</td>\n",
       "      <td>4.0</td>\n",
       "      <td>2.0</td>\n",
       "      <td>1</td>\n",
       "      <td>2</td>\n",
       "      <td>5</td>\n",
       "      <td>2.0</td>\n",
       "      <td>10</td>\n",
       "      <td>3.0</td>\n",
       "      <td>1</td>\n",
       "      <td>6</td>\n",
       "      <td>71</td>\n",
       "    </tr>\n",
       "    <tr>\n",
       "      <th>394</th>\n",
       "      <td>3.0</td>\n",
       "      <td>1.0</td>\n",
       "      <td>1.0</td>\n",
       "      <td>1</td>\n",
       "      <td>1</td>\n",
       "      <td>4</td>\n",
       "      <td>3.0</td>\n",
       "      <td>3</td>\n",
       "      <td>3.0</td>\n",
       "      <td>4</td>\n",
       "      <td>7</td>\n",
       "      <td>79</td>\n",
       "    </tr>\n",
       "  </tbody>\n",
       "</table>\n",
       "<p>395 rows × 12 columns</p>\n",
       "</div>"
      ],
      "text/plain": [
       "     Waterintake  Sugarydrink  sugar usage  proper diet  healtydiet  coffee  \\\n",
       "0            4.0          0.0          0.0            2           3      20   \n",
       "1            2.0          0.0          0.0            3           4       3   \n",
       "2            2.0          1.0          1.0            2           1       4   \n",
       "3            3.0          4.0          2.0            1           1       1   \n",
       "4            3.5          1.0          0.0            2           2       3   \n",
       "..           ...          ...          ...          ...         ...     ...   \n",
       "390          3.0          1.0          1.0            1           2       2   \n",
       "391          2.0          4.0          4.0            1           3       5   \n",
       "392          3.0          1.0          1.0            3           3       3   \n",
       "393          3.0          4.0          2.0            1           2       5   \n",
       "394          3.0          1.0          1.0            1           1       4   \n",
       "\n",
       "      tea  cigarette   alcohol  toothbrushing  floss  Health_point  \n",
       "0     0.0          10      0.5              1      0            30  \n",
       "1     2.0           0      5.0              2      2            65  \n",
       "2    10.0          20      1.0              1      0            27  \n",
       "3     1.0           0      0.0              0      0            25  \n",
       "4     8.0          30      0.0              0      1            20  \n",
       "..    ...         ...      ...            ...    ...           ...  \n",
       "390   2.0           1      5.0              1      5            77  \n",
       "391   4.0           7      5.0              3      6            75  \n",
       "392   3.0           5      3.0              2      6            77  \n",
       "393   2.0          10      3.0              1      6            71  \n",
       "394   3.0           3      3.0              4      7            79  \n",
       "\n",
       "[395 rows x 12 columns]"
      ]
     },
     "execution_count": 42,
     "metadata": {},
     "output_type": "execute_result"
    }
   ],
   "source": [
    "fluai"
   ]
  },
  {
   "cell_type": "code",
   "execution_count": 43,
   "metadata": {},
   "outputs": [
    {
     "data": {
      "text/html": [
       "<div>\n",
       "<style scoped>\n",
       "    .dataframe tbody tr th:only-of-type {\n",
       "        vertical-align: middle;\n",
       "    }\n",
       "\n",
       "    .dataframe tbody tr th {\n",
       "        vertical-align: top;\n",
       "    }\n",
       "\n",
       "    .dataframe thead th {\n",
       "        text-align: right;\n",
       "    }\n",
       "</style>\n",
       "<table border=\"1\" class=\"dataframe\">\n",
       "  <thead>\n",
       "    <tr style=\"text-align: right;\">\n",
       "      <th></th>\n",
       "      <th>Waterintake</th>\n",
       "      <th>Sugarydrink</th>\n",
       "      <th>sugar usage</th>\n",
       "      <th>proper diet</th>\n",
       "      <th>healtydiet</th>\n",
       "      <th>coffee</th>\n",
       "      <th>tea</th>\n",
       "      <th>cigarette</th>\n",
       "      <th>alcohol</th>\n",
       "      <th>toothbrushing</th>\n",
       "      <th>floss</th>\n",
       "      <th>Health_point</th>\n",
       "    </tr>\n",
       "  </thead>\n",
       "  <tbody>\n",
       "    <tr>\n",
       "      <th>Waterintake</th>\n",
       "      <td>1.000000</td>\n",
       "      <td>-0.168396</td>\n",
       "      <td>-0.244578</td>\n",
       "      <td>0.131234</td>\n",
       "      <td>0.241880</td>\n",
       "      <td>0.103738</td>\n",
       "      <td>-0.234824</td>\n",
       "      <td>-0.206081</td>\n",
       "      <td>-0.091684</td>\n",
       "      <td>0.084064</td>\n",
       "      <td>0.109451</td>\n",
       "      <td>0.155104</td>\n",
       "    </tr>\n",
       "    <tr>\n",
       "      <th>Sugarydrink</th>\n",
       "      <td>-0.168396</td>\n",
       "      <td>1.000000</td>\n",
       "      <td>0.672516</td>\n",
       "      <td>-0.286380</td>\n",
       "      <td>-0.248581</td>\n",
       "      <td>0.273551</td>\n",
       "      <td>0.183421</td>\n",
       "      <td>0.443667</td>\n",
       "      <td>0.343017</td>\n",
       "      <td>0.068420</td>\n",
       "      <td>0.139907</td>\n",
       "      <td>-0.190670</td>\n",
       "    </tr>\n",
       "    <tr>\n",
       "      <th>sugar usage</th>\n",
       "      <td>-0.244578</td>\n",
       "      <td>0.672516</td>\n",
       "      <td>1.000000</td>\n",
       "      <td>-0.297770</td>\n",
       "      <td>-0.171502</td>\n",
       "      <td>0.255517</td>\n",
       "      <td>0.176489</td>\n",
       "      <td>0.415637</td>\n",
       "      <td>0.322111</td>\n",
       "      <td>0.115351</td>\n",
       "      <td>0.228373</td>\n",
       "      <td>-0.094799</td>\n",
       "    </tr>\n",
       "    <tr>\n",
       "      <th>proper diet</th>\n",
       "      <td>0.131234</td>\n",
       "      <td>-0.286380</td>\n",
       "      <td>-0.297770</td>\n",
       "      <td>1.000000</td>\n",
       "      <td>0.435009</td>\n",
       "      <td>-0.088161</td>\n",
       "      <td>-0.152985</td>\n",
       "      <td>-0.209563</td>\n",
       "      <td>-0.204363</td>\n",
       "      <td>-0.022417</td>\n",
       "      <td>0.021860</td>\n",
       "      <td>0.139452</td>\n",
       "    </tr>\n",
       "    <tr>\n",
       "      <th>healtydiet</th>\n",
       "      <td>0.241880</td>\n",
       "      <td>-0.248581</td>\n",
       "      <td>-0.171502</td>\n",
       "      <td>0.435009</td>\n",
       "      <td>1.000000</td>\n",
       "      <td>-0.034949</td>\n",
       "      <td>-0.217515</td>\n",
       "      <td>-0.290068</td>\n",
       "      <td>-0.136149</td>\n",
       "      <td>0.076048</td>\n",
       "      <td>0.150355</td>\n",
       "      <td>0.213450</td>\n",
       "    </tr>\n",
       "    <tr>\n",
       "      <th>coffee</th>\n",
       "      <td>0.103738</td>\n",
       "      <td>0.273551</td>\n",
       "      <td>0.255517</td>\n",
       "      <td>-0.088161</td>\n",
       "      <td>-0.034949</td>\n",
       "      <td>1.000000</td>\n",
       "      <td>-0.065078</td>\n",
       "      <td>0.270798</td>\n",
       "      <td>0.307685</td>\n",
       "      <td>0.059396</td>\n",
       "      <td>0.066192</td>\n",
       "      <td>-0.105588</td>\n",
       "    </tr>\n",
       "    <tr>\n",
       "      <th>tea</th>\n",
       "      <td>-0.234824</td>\n",
       "      <td>0.183421</td>\n",
       "      <td>0.176489</td>\n",
       "      <td>-0.152985</td>\n",
       "      <td>-0.217515</td>\n",
       "      <td>-0.065078</td>\n",
       "      <td>1.000000</td>\n",
       "      <td>0.292253</td>\n",
       "      <td>0.029563</td>\n",
       "      <td>-0.141132</td>\n",
       "      <td>-0.172867</td>\n",
       "      <td>-0.259360</td>\n",
       "    </tr>\n",
       "    <tr>\n",
       "      <th>cigarette</th>\n",
       "      <td>-0.206081</td>\n",
       "      <td>0.443667</td>\n",
       "      <td>0.415637</td>\n",
       "      <td>-0.209563</td>\n",
       "      <td>-0.290068</td>\n",
       "      <td>0.270798</td>\n",
       "      <td>0.292253</td>\n",
       "      <td>1.000000</td>\n",
       "      <td>0.414543</td>\n",
       "      <td>-0.049675</td>\n",
       "      <td>-0.045717</td>\n",
       "      <td>-0.338758</td>\n",
       "    </tr>\n",
       "    <tr>\n",
       "      <th>alcohol</th>\n",
       "      <td>-0.091684</td>\n",
       "      <td>0.343017</td>\n",
       "      <td>0.322111</td>\n",
       "      <td>-0.204363</td>\n",
       "      <td>-0.136149</td>\n",
       "      <td>0.307685</td>\n",
       "      <td>0.029563</td>\n",
       "      <td>0.414543</td>\n",
       "      <td>1.000000</td>\n",
       "      <td>0.179501</td>\n",
       "      <td>0.163603</td>\n",
       "      <td>-0.037386</td>\n",
       "    </tr>\n",
       "    <tr>\n",
       "      <th>toothbrushing</th>\n",
       "      <td>0.084064</td>\n",
       "      <td>0.068420</td>\n",
       "      <td>0.115351</td>\n",
       "      <td>-0.022417</td>\n",
       "      <td>0.076048</td>\n",
       "      <td>0.059396</td>\n",
       "      <td>-0.141132</td>\n",
       "      <td>-0.049675</td>\n",
       "      <td>0.179501</td>\n",
       "      <td>1.000000</td>\n",
       "      <td>0.594435</td>\n",
       "      <td>0.743045</td>\n",
       "    </tr>\n",
       "    <tr>\n",
       "      <th>floss</th>\n",
       "      <td>0.109451</td>\n",
       "      <td>0.139907</td>\n",
       "      <td>0.228373</td>\n",
       "      <td>0.021860</td>\n",
       "      <td>0.150355</td>\n",
       "      <td>0.066192</td>\n",
       "      <td>-0.172867</td>\n",
       "      <td>-0.045717</td>\n",
       "      <td>0.163603</td>\n",
       "      <td>0.594435</td>\n",
       "      <td>1.000000</td>\n",
       "      <td>0.720722</td>\n",
       "    </tr>\n",
       "    <tr>\n",
       "      <th>Health_point</th>\n",
       "      <td>0.155104</td>\n",
       "      <td>-0.190670</td>\n",
       "      <td>-0.094799</td>\n",
       "      <td>0.139452</td>\n",
       "      <td>0.213450</td>\n",
       "      <td>-0.105588</td>\n",
       "      <td>-0.259360</td>\n",
       "      <td>-0.338758</td>\n",
       "      <td>-0.037386</td>\n",
       "      <td>0.743045</td>\n",
       "      <td>0.720722</td>\n",
       "      <td>1.000000</td>\n",
       "    </tr>\n",
       "  </tbody>\n",
       "</table>\n",
       "</div>"
      ],
      "text/plain": [
       "               Waterintake  Sugarydrink  sugar usage  proper diet  healtydiet  \\\n",
       "Waterintake       1.000000    -0.168396    -0.244578     0.131234    0.241880   \n",
       "Sugarydrink      -0.168396     1.000000     0.672516    -0.286380   -0.248581   \n",
       "sugar usage      -0.244578     0.672516     1.000000    -0.297770   -0.171502   \n",
       "proper diet       0.131234    -0.286380    -0.297770     1.000000    0.435009   \n",
       "healtydiet        0.241880    -0.248581    -0.171502     0.435009    1.000000   \n",
       "coffee            0.103738     0.273551     0.255517    -0.088161   -0.034949   \n",
       "tea              -0.234824     0.183421     0.176489    -0.152985   -0.217515   \n",
       "cigarette        -0.206081     0.443667     0.415637    -0.209563   -0.290068   \n",
       "alcohol          -0.091684     0.343017     0.322111    -0.204363   -0.136149   \n",
       "toothbrushing     0.084064     0.068420     0.115351    -0.022417    0.076048   \n",
       "floss             0.109451     0.139907     0.228373     0.021860    0.150355   \n",
       "Health_point      0.155104    -0.190670    -0.094799     0.139452    0.213450   \n",
       "\n",
       "                 coffee       tea  cigarette    alcohol  toothbrushing  \\\n",
       "Waterintake    0.103738 -0.234824   -0.206081 -0.091684       0.084064   \n",
       "Sugarydrink    0.273551  0.183421    0.443667  0.343017       0.068420   \n",
       "sugar usage    0.255517  0.176489    0.415637  0.322111       0.115351   \n",
       "proper diet   -0.088161 -0.152985   -0.209563 -0.204363      -0.022417   \n",
       "healtydiet    -0.034949 -0.217515   -0.290068 -0.136149       0.076048   \n",
       "coffee         1.000000 -0.065078    0.270798  0.307685       0.059396   \n",
       "tea           -0.065078  1.000000    0.292253  0.029563      -0.141132   \n",
       "cigarette      0.270798  0.292253    1.000000  0.414543      -0.049675   \n",
       "alcohol        0.307685  0.029563    0.414543  1.000000       0.179501   \n",
       "toothbrushing  0.059396 -0.141132   -0.049675  0.179501       1.000000   \n",
       "floss          0.066192 -0.172867   -0.045717  0.163603       0.594435   \n",
       "Health_point  -0.105588 -0.259360   -0.338758 -0.037386       0.743045   \n",
       "\n",
       "                  floss  Health_point  \n",
       "Waterintake    0.109451      0.155104  \n",
       "Sugarydrink    0.139907     -0.190670  \n",
       "sugar usage    0.228373     -0.094799  \n",
       "proper diet    0.021860      0.139452  \n",
       "healtydiet     0.150355      0.213450  \n",
       "coffee         0.066192     -0.105588  \n",
       "tea           -0.172867     -0.259360  \n",
       "cigarette     -0.045717     -0.338758  \n",
       "alcohol        0.163603     -0.037386  \n",
       "toothbrushing  0.594435      0.743045  \n",
       "floss          1.000000      0.720722  \n",
       "Health_point   0.720722      1.000000  "
      ]
     },
     "execution_count": 43,
     "metadata": {},
     "output_type": "execute_result"
    }
   ],
   "source": [
    "fluai.corr(method ='pearson') "
   ]
  },
  {
   "cell_type": "code",
   "execution_count": 21,
   "metadata": {},
   "outputs": [],
   "source": [
    "X = fluai.drop(['Health_point'],axis=1)"
   ]
  },
  {
   "cell_type": "code",
   "execution_count": 22,
   "metadata": {},
   "outputs": [],
   "source": [
    "y = fluai['Health_point']"
   ]
  },
  {
   "cell_type": "code",
   "execution_count": 23,
   "metadata": {},
   "outputs": [],
   "source": [
    "X_train, X_test, y_train, y_test = train_test_split(X, y, test_size=0.33, random_state=42)"
   ]
  },
  {
   "cell_type": "markdown",
   "metadata": {},
   "source": [
    "### Linear Regression"
   ]
  },
  {
   "cell_type": "code",
   "execution_count": 44,
   "metadata": {},
   "outputs": [
    {
     "data": {
      "text/plain": [
       "0.7394911493643138"
      ]
     },
     "execution_count": 44,
     "metadata": {},
     "output_type": "execute_result"
    }
   ],
   "source": [
    "model = LinearRegression()\n",
    "model.fit(X_train, y_train)\n",
    "model.score(X_test, y_test)"
   ]
  },
  {
   "cell_type": "code",
   "execution_count": 25,
   "metadata": {},
   "outputs": [
    {
     "data": {
      "text/plain": [
       "[('Waterintake', -1.4935404183487988),\n",
       " ('Sugarydrink', -1.8899821167166915),\n",
       " ('sugar usage', 0.14820164083262502),\n",
       " ('proper diet', 0.7525681120591425),\n",
       " ('healtydiet', 0.21232560051779809),\n",
       " ('coffee', -1.0951363505774192),\n",
       " ('tea', -0.2629874204051247),\n",
       " ('cigarette ', -0.750247116780365),\n",
       " ('alcohol', -0.7519601338993649),\n",
       " ('toothbrushing', 9.422928769477904),\n",
       " ('floss', 4.624558187750586)]"
      ]
     },
     "execution_count": 25,
     "metadata": {},
     "output_type": "execute_result"
    }
   ],
   "source": [
    "list(zip(X_train.columns, model.coef_)) "
   ]
  },
  {
   "cell_type": "markdown",
   "metadata": {},
   "source": [
    "A Linear Regression achieves an R^2 coefficient of around 0.7."
   ]
  }
 ],
 "metadata": {
  "kernelspec": {
   "display_name": "Python 3",
   "language": "python",
   "name": "python3"
  },
  "language_info": {
   "codemirror_mode": {
    "name": "ipython",
    "version": 3
   },
   "file_extension": ".py",
   "mimetype": "text/x-python",
   "name": "python",
   "nbconvert_exporter": "python",
   "pygments_lexer": "ipython3",
   "version": "3.7.5"
  }
 },
 "nbformat": 4,
 "nbformat_minor": 4
}
